ticker,AAL.L,ABF.L,ADM.L,AHT.L,ANTO.L,AUTO.L,AV.L,AZN.L,BA.L,BARC.L,BATS.L,BDEV.L,BHP.L,BKG.L,BLND.L,BNZL.L,BP.L,BRBY.L,BT-A.L,CCH.L,CCL.L,CNA.L,CPG.L,CRDA.L,CRH.L,DCC.L,DGE.L,DLG.L,EVR.L,EXPN.L,EZJ.L,FERG.L,FRES.L,GLEN.L,GSK.L,HIK.L,HL.L,HLMA.L,HSBA.L,HSX.L,IAG.L,IHG.L,III.L,IMB.L,INF.L,ITRK.L,ITV.L,JE.L,JMAT.L,KGF.L,LAND.L,LGEN.L,LLOY.L,LSE.L,MCRO.L,MKS.L,MNDI.L,MRO.L,MRW.L,My Portfolio,NG.L,NMC.L,NXT.L,OCDO.L,PHNX.L,PPB.L,PRU.L,PSN.L,PSON.L,RB.L,RBS.L,RDSA.L,REL.L,RIO.L,RMV.L,RR.L,RSA.L,RTO.L,SBRY.L,SDR.L,SGE.L,SGRO.L,SKG.L,SLA.L,SMDS.L,SMIN.L,SMT.L,SN.L,SPX.L,SSE.L,STAN.L,STJ.L,SVT.L,TSCO.L,TUI.L,TW.L,ULVR.L,UU.L,VOD.L,WPP.L,WTB.L
AAL.L,1.0,0.5638763801208801,0.8730762707591082,0.5928467545189476,0.9240638196412357,0.5374678961668165,0.6746908576256967,0.5438891520303835,0.05426907910438817,0.6206781249056376,0.8490321652652197,0.8267230383780072,0.934322959117922,0.36789518357421297,0.7970605034449841,0.259416673912381,0.8428868588399955,0.7646551407893507,-0.2628975270842021,0.3803159771038196,-0.04540423532932322,-0.5846995555204973,0.7292759716605888,0.6234641220510974,0.7572662522075991,0.6823467805802247,0.6290309343264313,0.7398634183365848,0.8565013074055867,0.5526497803745978,0.03871641286259138,0.2563776598414411,-0.33566872518557445,0.8300096784922749,0.6633156357675742,0.6299221652668489,0.29913926561685034,0.7142803804422867,0.363450424671499,0.3632569754242611,-0.4374521985847955,0.5886593604773729,0.777012993657339,0.4262998658858027,0.742310383915894,0.2627147256057518,0.280766663843411,0.6900214486128706,0.883441403345996,0.6946903319022406,0.7883620836893018,0.8057986632109145,0.8588919568443445,0.5157193574565038,0.8154397451534628,0.16264317223378533,0.1387331579932115,0.7155792281147343,0.04265683535705428,0.18314306428248445,0.46331515834261205,-0.4432729674522814,0.7260885493780658,0.7707327541465101,0.8414282878401482,-0.05658652597703308,0.7618418358246368,0.46621317247425526,-0.5975811992726731,0.25246373955952306,0.7070140108989005,0.4486824714852578,0.09794975608858895,0.8646629444061799,0.5282599375727981,0.4248908946305656,0.3147148951073399,0.39919774028626603,-0.470882452196297,0.5575639012089764,0.7008673217645247,0.6511044897577306,0.5405410538003476,0.33612344088608276,0.6704185856549518,0.5828304008890868,0.23320494468371292,0.2880509539985194,0.5342375180220178,0.32913777241689113,0.39338279082249267,0.5269419557230421,0.45527926534168794,0.7301761724985767,-0.7095418395889191,0.8311977998071718,0.39846566378023707,0.4835187216536446,-0.3273142571039302,0.04221960029414589,0.25454110636611305
ABF.L,0.5638763801208801,1.0,0.5211485540675159,0.677662961772732,0.33110867370389574,0.8484081791994753,0.7495794555877117,-0.06300864875976935,0.21421293243802086,0.368462431760623,0.513706972910237,0.6408388934843383,0.5902013828361454,-0.10750221930093443,0.3963449987438686,-0.4198208216748946,0.6153947787685308,0.5188953765758482,-0.37082399445933695,0.7498226764344377,-0.2028375267636383,-0.76772436640244,0.5822297752271928,0.7912180076413713,0.7920440383648499,0.7826997934373038,0.7292946103191841,0.07323144748204777,0.6135026087305774,0.8385651618915207,-0.3636869088072706,0.4460697270208561,-0.5489703390892594,0.3271988238222577,0.5048382122909149,0.5503258173534396,0.7830262108380113,0.7747183906003733,0.7683087872612272,0.3932155148995494,-0.5404001921416195,0.8498667558514393,0.7755648378018741,-0.34179946140404915,0.8616150996006932,0.5822036388471493,-0.009585325625897683,0.10558863387642671,0.7310066892273982,0.5303638263169566,0.5599810185856131,0.7214859195999923,0.6646126897009835,0.8508473259914157,0.19483890115322963,0.1819858830419241,-0.10102413064291209,0.6637534342852488,-0.34257863245092335,-0.11750333731930102,-0.005180092465401498,-0.3681135347897292,0.8533317691898705,0.8115337294369689,0.6945876879334347,0.15114260304163638,0.8232018652556191,0.13880434993618201,-0.5231021415368184,0.35980876165810066,0.05395603846948232,0.753321882121164,0.5726287125503363,0.7606679226380727,0.8548926296715037,0.3453801751392364,0.7445466547368604,0.8232875876170586,-0.5055413769340656,0.8685986618140452,0.7955094538994046,0.829029990226171,0.6388098777957221,0.7538820815564931,0.5400062603447101,0.8192620186684975,0.015113177170527094,0.7007031238565742,0.8480367344619658,-0.2392239560754234,0.8336809719596774,0.8032225131763677,0.12294883851621057,0.8483428337906609,-0.32411510992749976,0.6882042022162651,0.7814769646541532,0.00527631194910834,-0.4919752580017074,0.6618169462262866,-0.338333279641412
ADM.L,0.8730762707591082,0.5211485540675159,1.0,0.7186398317008611,0.8507339969772191,0.45009186332170575,0.7727028160777031,0.41309973674153094,0.21650056925280362,0.7126691094739694,0.7125914617489707,0.8079462063784457,0.7840674891822964,0.5423203001095636,0.8555347952647592,0.2771494313744478,0.7365524412183202,0.8549698105396595,-0.10850548731576194,0.40841802987426506,0.1696591614301028,-0.46506771090244914,0.6109226620222664,0.6054315290444456,0.7331215843923408,0.641351522122679,0.5330833341602493,0.7854801149517163,0.7372985522676588,0.49135421539728524,0.28629511068344515,0.38514429926790633,-0.287118209256044,0.8068841203453487,0.539072226236241,0.4930389514147508,0.23823031583303847,0.6119600514956114,0.3281613181781896,0.41070688288914153,-0.23220513833189818,0.5526645352775617,0.7243638276071624,0.47460783891063996,0.6889084609396035,0.41689997129131123,0.4815672670515389,0.7205598466575224,0.8900228407140779,0.7889197849310082,0.8027159264837417,0.8320379312947911,0.8431525958671774,0.47327494090778394,0.7532648201693921,0.3534005587778716,0.26780367409274486,0.68960354965577,0.16756337388305084,0.20319382502287064,0.4507277580311962,-0.1867707430393738,0.6347440003401232,0.6521551760895844,0.8378620575893985,0.08078111214727036,0.7836933465717426,0.6813232108224996,-0.5204445739529493,0.0871587824523478,0.7650467808361627,0.48213203178583974,0.13080330010121408,0.7431107153312395,0.43629150226513624,0.5441174466728272,0.32667600395622615,0.3901633918523299,-0.360956300516905,0.5522349559394728,0.6237307832383302,0.5496778056329825,0.583933769298291,0.31096838992194337,0.7660304123353279,0.625442904144386,0.2512151803380209,0.14325548804545238,0.44838797111942763,0.42239279752288733,0.3728272936434955,0.46660448529779003,0.5721984133477286,0.7272647843403404,-0.5663660555478824,0.8342259323689011,0.3025070037620468,0.6016560772797157,-0.27030189208765104,0.05026582610998694,0.2409964120511061
AHT.L,0.5928467545189476,0.677662961772732,0.7186398317008611,1.0,0.5055276233302208,0.5518895069871628,0.919494926114285,-0.005103842878601392,0.3475810056193616,0.5958045450869104,0.416639713400351,0.6803008763912735,0.5337517636363607,0.38195114713066025,0.5769614193544562,-0.19224494474300816,0.5602373099838752,0.7637435447904731,-0.28161907353733273,0.6515789621208552,0.36709236903607717,-0.5111465419086594,0.44295100164711554,0.7665863870525289,0.7844718130853215,0.7330916053743672,0.5626542262726933,0.36223811758036967,0.5131661273812845,0.6595256048329706,0.16286915327923251,0.7662759863253268,-0.36492092948789284,0.4512450684589139,0.35168627137462316,0.3730075712521837,0.4803790560036893,0.5861250511417444,0.6077013720055128,0.4876121649746771,-0.13865873144166108,0.7348837608429817,0.7283806286146999,-0.013622953628799618,0.732392856178236,0.7954171644340129,0.37998001876500226,0.37793322778530347,0.8090310873875833,0.7458642635034111,0.5859668107705721,0.7934185014808727,0.6991200559912293,0.6802846250795161,0.3087953659301735,0.4559324925882527,0.353625556498544,0.6140888575266604,-0.011568644428720236,0.02160725411463043,0.1631611750694083,0.15393591555633596,0.6416500054941577,0.5152422516381735,0.7655196441090616,0.23740989616937117,0.818226967889841,0.5785151399880916,-0.39513808504944586,0.01259573591980962,0.4006870785384173,0.8617337175446135,0.5700040385946125,0.6775512455363784,0.6054053304843215,0.6764797469347725,0.6731253888610623,0.6764253375090691,-0.37545727446714944,0.754563965587993,0.6378407133452801,0.5728592370789004,0.7875735104240899,0.41928508312459084,0.8052396809436562,0.881736094082213,0.11561734082168035,0.3222454071270068,0.6258444759325749,0.09814162170138319,0.6898552925506279,0.5857716998430821,0.3572783381575055,0.7995451105641757,-0.2995350916096785,0.7165471584208011,0.4643419242939146,0.3343469411510937,-0.4855468457104957,0.5423850373664767,-0.20408680171067492
ANTO.L,0.9240638196412357,0.33110867370389574,0.8507339969772191,0.5055276233302208,1.0,0.34539242449825813,0.5760765372643577,0.6413371694252411,-0.015134751677702736,0.6859511122732814,0.7981051427168536,0.7543472532742809,0.8309813153911104,0.5552143050385457,0.8519437980733037,0.43966100236886746,0.7279948927032392,0.7536319932928571,-0.11818220882820465,0.20553532991436185,0.05529091206476188,-0.4309129477878011,0.5702655658166672,0.4186057605341685,0.6084653357535902,0.498211596759247,0.45850153264990684,0.8405439562644026,0.7849318090850205,0.3387277564820567,0.2506283213420264,0.19771304633293788,-0.24956854756337768,0.8928476320604598,0.5465979570182768,0.4641907971133692,0.09178669928644276,0.5610931917835995,0.12107922323371383,0.35189211524894737,-0.32504099367502454,0.3850229778872314,0.6521063751375207,0.6386246107158783,0.5710583505564203,0.12872185129428626,0.4456506462376454,0.7851608001501995,0.8260812600699706,0.7237316837280555,0.7919657267502725,0.7168003845439241,0.8114909002350008,0.29377867924834755,0.8935906042376585,0.18708474149764773,0.1696743020585068,0.7069609102027701,0.1445915811801208,0.29283031374788443,0.5820909908281348,-0.25627531280869714,0.5682958516142317,0.6334747789526064,0.77572613454045,-0.06695501007464984,0.6384662533673281,0.5484508140131518,-0.5192796848561018,0.17057197788449213,0.8397310116562051,0.8622803022346175,-0.11628073874971824,0.6896219613313065,0.3276376204927216,0.41640776532443863,0.10643748924040085,0.2070135430374684,-0.39512268644528253,0.3760596646502922,0.5292092863360255,0.452481331809133,0.40529150098976807,0.1816253898428918,0.6954950729204943,0.40358025193198305,0.3042284433784641,0.047551415831893665,0.3220829710483952,0.5393709690276117,0.1637003604417814,0.3698572877490517,0.5836748241460784,0.6124143575845794,-0.6321109077119893,0.7603794468754964,0.17019219446448858,0.6505572009064019,-0.13134942013550394,-0.12348333566214215,0.4138307396109971
AUTO.L,0.5374678961668165,0.8484081791994753,0.45009186332170575,0.5518895069871628,0.34539242449825813,1.0,0.6947985137280221,0.26362132649853065,-0.20776792660830307,0.3558807494372637,0.6729038675921027,0.7148882041406526,0.6510565031876265,-0.1946818666625214,0.37142759113065443,-0.5784182116988464,0.7311609155394544,0.47540436418936766,-0.6231816934132807,0.7997379635733385,-0.39380773286999116,-0.9645530695938062,0.6809510265704928,0.7083951890123646,0.8820542845009368,0.7524542200563619,0.8948556235551453,0.08934256430936317,0.7799641673146314,0.9393367717339457,-0.5408523023605962,0.471232456149749,-0.8355818924797815,0.2264521006983181,0.6419972029005402,0.6730342693298705,0.9081322057526274,0.9391437466326891,0.7754510600745576,0.7108710525120452,-0.8364287155680625,0.9339376828102385,0.9002924828031058,-0.39492920833568707,0.9228981359918462,0.4607381513463341,-0.14447471859358899,0.03376749807447527,0.6837278285935157,0.5451154173502243,0.6120366166295519,0.7640696657710077,0.7369537312040134,0.9175412572067984,0.31831963578198563,-0.2420283240596308,-0.4632411198350688,0.7418157890289843,-0.661154825637988,-0.1634652809319086,0.10664501659361399,-0.3705642131431014,0.9480822686274686,0.8853256139214093,0.7638892090743373,0.010160373679546806,0.8569908213129992,-0.12274079098395806,-0.7183370490210333,0.591095446583574,0.028179611988751324,0.3131842295236918,0.5861797414859038,0.805621439480261,0.9781430425726404,0.29100848333277785,0.8140833031594882,0.8891940446640099,-0.830520192644577,0.9213614263243244,0.916938647327257,0.9187508436844946,0.5547151952760916,0.7611712355093175,0.4520159723649515,0.6810561973925008,-0.02563191807278954,0.8388661411403324,0.9741511105660636,-0.31590925069582987,0.844792297442205,0.9525988876104377,0.14326040979116433,0.8412400575135827,-0.5507567541048193,0.6983207618596866,0.9326137633362581,-0.052462107744886376,-0.5138028111293343,0.7099460354304136,-0.492019402882453
AV.L,0.6746908576256967,0.7495794555877117,0.7727028160777031,0.919494926114285,0.5760765372643577,0.6947985137280221,1.0,0.15616521046908904,0.20820699852347846,0.7034776776509477,0.6103268679066772,0.8446596585478829,0.6159751851732237,0.4060985532845935,0.6904612944746837,-0.2471234077844283,0.6789272497341585,0.7609623987841461,-0.40642903073672637,0.742182744456696,0.23840277632333629,-0.6603758445656782,0.5716497474693919,0.7257373465176853,0.8755018139993028,0.7437557204791058,0.7229834343218604,0.44312809995540314,0.6877844504239783,0.7583866299315235,0.08424832311984114,0.7233661731550094,-0.5594063119007796,0.469676095486978,0.4304753217898736,0.4583022846422967,0.5594583818552913,0.7574499251107433,0.6116715515944429,0.5686288930238945,-0.3581590107219133,0.8234919487216164,0.8402979430902531,0.009150444882133025,0.8509109715210567,0.627758301867024,0.27331482723623657,0.43313231005733027,0.8750952262527603,0.759274486041123,0.7447865881850407,0.9291732639190141,0.8525469888088503,0.8109329387001007,0.41415575900878865,0.29746584272418847,0.16797543699397363,0.7130186372243847,-0.11218619974119674,-0.020553333515197426,0.3231943420072998,-0.03224948649470518,0.7771873949768694,0.6805408417691295,0.882898389806834,0.05790858608071388,0.9086682407988239,0.5437606777380661,-0.6439187524541211,0.18129736150516723,0.4748133713477015,0.7491072203311723,0.5453385981756872,0.7729523622389691,0.7358445816810217,0.6271985082553334,0.7143045470570387,0.7295091165151855,-0.5416477274855109,0.8066150330432476,0.7785003936732882,0.752822514186156,0.7147657643119784,0.5050156724784329,0.8018058125680864,0.8440288171324057,0.12085670925876119,0.48793350285428405,0.7381477749948252,0.14373751264920576,0.7503015839589958,0.7171149693496287,0.4859338647192727,0.9068082567245539,-0.46327154911066,0.8683951706831482,0.5843525318536659,0.41558003891142115,-0.5518909697933856,0.559406666838348,-0.22606456910743786
AZN.L,0.5438891520303835,-0.06300864875976935,0.41309973674153094,-0.005103842878601392,0.6413371694252411,0.26362132649853065,0.15616521046908904,1.0,-0.5799588974221973,0.2862871651749332,0.7611804257054303,0.5330650357421928,0.6117487709432203,0.28025603929121595,0.47774240797880746,0.26047697028480576,0.5932773837080294,0.36909184679389856,-0.37378326801728506,0.09684251953043002,-0.13637028219226577,-0.3707250087228943,0.5624428138588414,0.07415053103915668,0.37391602132277435,0.23499139092668986,0.47217366332075383,0.6677135767279027,0.6469880279934105,0.2505457317313188,-0.029185294965995746,-0.018332085620482948,-0.3362771559831051,0.39242745015694397,0.5930912446497937,0.46328318648021477,-0.0062045941470757985,0.47749043073818254,-0.09974270735644124,0.459514568886926,-0.5135897274564873,0.19727213081475728,0.4450523844705149,0.5112949375035373,0.35056185816553687,-0.25542554381454846,-0.05100966982499161,0.5183356602454301,0.37712881598475434,0.26058396141839374,0.494141002327089,0.42785627892166406,0.5045250105091952,0.16539194539113536,0.8045652836493375,-0.41055387268302823,-0.24809416191842795,0.3907837595279688,-0.12943202994940584,0.09033730040647024,0.6846433930309646,-0.2812368805371711,0.3711068358297131,0.3894038594251965,0.5009257536341711,-0.44871388959264036,0.2736092072689142,0.03220205516296057,-0.5707513871522141,0.48250071012764334,0.5511713419393606,-0.864340588787237,-0.1308678945264223,0.4668583354289525,0.2338615396155337,0.23840086692031298,-0.031065727228448192,0.03205064031270816,-0.5510652774495813,0.0846825777964253,0.4516800518908631,0.35309903554429994,0.010478789348542445,-0.12854044026872963,0.23530856816023343,-0.11025722321319203,0.08482642999144413,0.16624663221978844,0.22850896363647208,0.40245731626034614,-0.08451588284281644,0.21620031574692228,0.5087128419752976,0.22711930052436732,-0.7536819085436617,0.4051726399978014,0.22102780750273257,0.46651639325148875,-0.1262509708356058,-0.2611628571390605,0.29392028897781636
BA.L,0.05426907910438817,0.21421293243802086,0.21650056925280362,0.3475810056193616,-0.015134751677702736,-0.20776792660830307,0.20820699852347846,-0.5799588974221973,1.0,0.12079896959630035,-0.24903166598530102,-0.11234423554287999,-0.06039804317090174,0.15542959531125355,0.13049753954712628,0.2810120087612784,-0.07360116739690999,0.21262047592633837,0.547739013550951,-0.0863543156533435,0.33722301031035895,0.3456687790592214,-0.11327574286257866,0.3195127468482814,-0.0370655346964469,0.14707731236325994,-0.24129717196987668,-0.01209336412339958,-0.2119096161832826,-0.11829728297638024,0.35517949125207654,0.2197438534749173,0.4019888751974206,0.27424161397965147,-0.1581616564090409,-0.12893749166742627,-0.12216030524974993,-0.22715219975361237,0.2173306478120099,-0.4148936131262708,0.5376128093617202,-0.03665802850892394,-0.08192011526172256,0.11033403541860765,-0.06328290194634115,0.40415119539762073,0.5029991727248825,0.10406254970826878,0.14005139056049618,0.1482839568951389,0.028928652202805327,-0.027804677791140004,-0.06470793500337144,-0.051032495801189556,-0.21743106964401657,0.7129408898734342,0.6251784734795772,-0.029601857361465273,0.5078266137663991,0.21133428342637808,-0.2653993085648045,0.18116442964477478,-0.1519184198937062,-0.08288771647369597,-0.09140990890073668,0.4887474601210595,0.07804766134715621,0.4847713247868712,0.43573582531735827,-0.3612292100859171,0.05011555002895859,0.7780416971063476,-0.027189264797462216,-0.05524470257924195,-0.17723179693345179,0.10667722657977566,0.033982686958823144,0.034096723253301556,0.6232755013039185,0.042191407762358614,-0.18997249531945928,-0.16655199462615228,0.39490607934993793,0.1487919204870965,0.34971124681592547,0.4440780780359187,0.16253378722286804,-0.24945248645755339,-0.1597079174346452,0.11776561800639601,0.11778285784294655,-0.1325345190990949,-0.10063316188091953,0.09035220117426061,0.3681695615858563,0.024587343798509513,-0.193398855899662,0.04802471652068805,0.1901505363987215,0.006897811097346347,0.2081734739503051
BARC.L,0.6206781249056376,0.368462431760623,0.7126691094739694,0.5958045450869104,0.6859511122732814,0.3558807494372637,0.7034776776509477,0.2862871651749332,0.12079896959630035,1.0,0.4952032422764405,0.6828834864311041,0.45774491083660124,0.6589150050382394,0.7704460888213801,0.12846457782138918,0.467926748770091,0.5450532417857021,-0.06692693064233209,0.2219067695640465,0.09683600764671912,-0.41113645470030863,0.22058152642916345,0.25376070783360305,0.5552571515206904,0.3952206927710593,0.2955311763768867,0.5557037142347925,0.59981405789164,0.30138740692231536,0.28581439603216807,0.4390691070290678,-0.4713216067252556,0.6825079911646578,0.1172218450851864,0.09493688818367349,0.2696193623280779,0.4835377791447623,0.24437848559435446,0.40264376040069266,-0.2854295001155354,0.39163647516635347,0.5156135788846259,0.32151211771735083,0.5146965786206479,0.18724332419382061,0.553899799500905,0.5689023518834573,0.7515689048506304,0.7556209878125131,0.6973285898975622,0.7032645179066472,0.8000800436766603,0.36397583551118523,0.5524718038618854,0.1916506481602454,0.1343611735040591,0.7115181229569365,0.010889795245764078,0.18782911520506446,0.2910622208094404,0.06569683873544628,0.4925574136840808,0.5331518001661856,0.6978842517670836,0.031022923917660167,0.6868815199185572,0.5919771887814724,-0.47788030345559546,-0.0203173237676236,0.7344799085089292,0.700257910763444,-0.07100454408692077,0.43086170359806236,0.3724961995239101,0.2428216055842684,0.2674746445526794,0.3112971001001884,-0.364298621407918,0.4652958406772458,0.4073594281160015,0.4037393751972749,0.4442460757959407,0.4183502163561079,0.705936455171841,0.48003900558683543,0.2502138893859661,0.030093973866521666,0.34678632144363747,0.3227678513211914,0.37694120641194157,0.5004697431978887,0.452478220321603,0.667866700229177,-0.2687445652059145,0.7947551974621431,0.10541505751561404,0.5203364985013551,-0.10913554383563624,0.24541371066954976,0.1401587499921718
BATS.L,0.8490321652652197,0.513706972910237,0.7125914617489707,0.416639713400351,0.7981051427168536,0.6729038675921027,0.6103268679066772,0.7611804257054303,-0.24903166598530102,0.4952032422764405,1.0,0.8627825539268424,0.8879628227241833,0.24738486470885418,0.7202622624829965,0.07739587840980093,0.8995745247992291,0.663279668361291,-0.4736646923861673,0.5237588513295809,-0.17334581279353162,-0.711867369227263,0.8507778960477732,0.5492173854583913,0.7866993186886811,0.6374708539717934,0.8236171019976648,0.6931385539368689,0.9427283955070644,0.6735922342324389,-0.14083152414713213,0.25027508058248077,-0.5646149830071151,0.612919565834519,0.7859945861295963,0.7021010655094942,0.37724660571687596,0.8463372370669267,0.35779028209933905,0.551018913909,-0.6910063282907661,0.6623558252820272,0.8364391647547244,0.34908112475003,0.797990999633798,0.09657572727565945,0.04467706132898842,0.5890162495932165,0.7712312683540892,0.5656088177670662,0.8253808306273015,0.8021132389198431,0.8458024388837275,0.6334029827655202,0.8220335731052815,-0.1626316972738312,-0.19492533402147938,0.7246127311448554,-0.20255930677464914,0.07993244551748699,0.6463264181305707,-0.5025704258573527,0.7979383227351302,0.8159510666746757,0.8425121699742802,-0.27495855117935025,0.7242731029496468,0.22294761684022718,-0.7736713346934093,0.6030597261744576,0.5727825027886421,0.10721025281263284,0.17984754772387515,0.8561870740470762,0.6603110364882738,0.392143291444542,0.39477986368055773,0.48623584591426505,-0.6848762423980084,0.5516973332113044,0.8248093532488422,0.774675205282733,0.4084214384747425,0.3248178891024271,0.5863688746990225,0.42823702943333436,0.13601694462497718,0.5031258492159799,0.6523100356473867,0.3057182046798559,0.40190890344168195,0.6265686793763117,0.5629297055377875,0.7159134437304655,-0.8526360822952367,0.7959553660362382,0.6021804932659354,0.4799299372729334,-0.3711408733650275,0.09949833041848946,0.11282184840504907
BDEV.L,0.8267230383780072,0.6408388934843383,0.8079462063784457,0.6803008763912735,0.7543472532742809,0.7148882041406526,0.8446596585478829,0.5330650357421928,-0.11234423554287999,0.6828834864311041,0.8627825539268424,1.0,0.7902417210941486,0.46253883012874425,0.8187517978766903,-0.08918727963079598,0.8033578999783416,0.7729947749572278,-0.5518517846678533,0.6420180260736245,0.008428188302245813,-0.7410453771285186,0.7420800548075048,0.5928806306102448,0.8631926409747395,0.6824188289365385,0.8232227589044889,0.6597971879159527,0.8836670853134435,0.7192308258422119,0.0015250062621145121,0.45252407220352053,-0.6197778791956121,0.5647990419370846,0.5902012693931852,0.6032317591458101,0.4544836115632116,0.8600585273501554,0.3996256537806512,0.5645875788670093,-0.5881304033447945,0.7545162063933205,0.8859920549026559,0.22042434728617954,0.8728719055732654,0.2845513134665485,0.09984117213663046,0.6438013900424329,0.8568870971478654,0.7153392741559382,0.8851213958077158,0.9639514873645815,0.9431162618667464,0.7556039004114976,0.7120933247464609,0.056122605540755315,-0.04091948771657251,0.7308733459196296,-0.10733253112834214,0.014386921872210544,0.6069092251195826,-0.34678381296268657,0.8458974453305977,0.8069078617543746,0.9549887536051327,-0.25410858907384726,0.8444308744287877,0.47376921454396126,-0.846121954623462,0.37992071480682504,0.6392034853340537,0.5938992031121977,0.33151665380275847,0.8649772362255508,0.732545600928923,0.5466137120836875,0.5280137057087189,0.5947755407336581,-0.6906109409533396,0.6796346792977634,0.8554873846803251,0.8349974807342823,0.4765513773806144,0.35556841921972004,0.6863752495372237,0.5936809400642724,0.14874723066891193,0.5186582772053776,0.712572528265402,0.3223212431175927,0.5505194096887361,0.6767589929675274,0.6313622457444971,0.8729789382967746,-0.7722899431208057,0.9537569640492065,0.575655212234439,0.5468361452247053,-0.5860083262729302,0.2708506008953194,-0.0323133168905996
BHP.L,0.934322959117922,0.5902013828361454,0.7840674891822964,0.5337517636363607,0.8309813153911104,0.6510565031876265,0.6159751851732237,0.6117487709432203,-0.06039804317090174,0.45774491083660124,0.8879628227241833,0.7902417210941486,1.0,0.14866591267298132,0.6868383386184471,0.1303299654137076,0.9061002023541648,0.7543374116144863,-0.34813453916783926,0.45140411940390107,-0.17598646397492068,-0.6803714465746389,0.841409979223324,0.7137268103985529,0.8146445284382797,0.7479446699282956,0.7517596914065426,0.6324449626725448,0.8871920336300357,0.671459291422566,-0.16975623171802323,0.286935828825229,-0.40430853439685355,0.7119898984721741,0.8297573173195832,0.7861185409793857,0.42985342317652847,0.796864762699206,0.4943643372611743,0.4908705309103044,-0.5568191597324738,0.689817748569328,0.8391938038007594,0.295046337754181,0.7876457916243728,0.31758487382918293,0.13583012013926465,0.5332411665232394,0.8289208992432523,0.6514641165821833,0.7487415625012414,0.7756520694522804,0.8008113213953174,0.59375855869751,0.7694899226594365,0.008496153102609554,-0.03062206414537826,0.7274466281809429,-0.14676356991862627,0.12219631578049099,0.416250158793942,-0.4563572934922155,0.7878384134681858,0.806471477263682,0.8192457212289014,-0.020805872317222238,0.7598393936994003,0.23542533839009622,-0.607283190495891,0.4414012540878383,0.5238977695158418,0.7126863216463328,0.2235453648892166,0.9213716083062746,0.6243343155605172,0.4480863343217534,0.42984616185689883,0.5070150551316513,-0.5741563971943325,0.6340689560212889,0.7890477563856897,0.714942436041366,0.5799552061158251,0.3794628146222115,0.6141170145613172,0.5785222852918183,0.17281738084501205,0.42800624054545816,0.6482695098536637,0.16919542650391362,0.4707159394214472,0.6163244048011445,0.3533632619097746,0.6964654620811712,-0.7820527634148496,0.7358011608825668,0.5864813400282122,0.3175113971589131,-0.3174971029434683,0.1228477384977106,0.11145330122664934
BKG.L,0.36789518357421297,-0.10750221930093443,0.5423203001095636,0.38195114713066025,0.5552143050385457,-0.1946818666625214,0.4060985532845935,0.28025603929121595,0.15542959531125355,0.6589150050382394,0.24738486470885418,0.46253883012874425,0.14866591267298132,1.0,0.6524767056934587,0.46668698908060813,0.13893233440774283,0.4310885266952419,0.0508903999299352,-0.039677180042401415,0.5640337982119744,0.1406682388193637,0.024111162320854605,-0.06679929701641425,0.11239242052007609,0.04008344122627923,-0.03159162251660117,0.7092563548740506,0.20026188679482837,-0.14845976165796723,0.7307571505483832,0.22713390531423278,0.0726769754450619,0.4843142847829448,-0.11776951051455009,-0.21050775026551993,-0.37504398443255477,0.014363943288591063,-0.34577474390749546,0.022084032467635743,0.23314206398265652,-0.07496037099923981,0.10721791839714531,0.657908919204961,0.07387983402709564,-0.05234061399906304,0.48499995045050864,0.7306570811452499,0.3877059942908623,0.40695834341993886,0.46435586554062247,0.40605625481773544,0.4263395345631653,-0.05752107209400739,0.5042059618496706,0.43812535790151375,0.5113177116474288,0.2012399444282909,0.5496662538960719,0.15138072856910034,0.5897938884636328,0.19300264730886701,0.01988125011851257,0.006737706024141617,0.37957037824164525,-0.21958583620237337,0.1878492869836981,0.8507644905675561,-0.1973499015540177,-0.25663091164723534,0.8208447575225579,0.6622457390170238,-0.2215736581729703,0.10894586648181898,-0.1371678366522351,0.41559551571222453,-0.15195241548125238,-0.18732487103527443,0.0568972436024594,-0.09715097520542819,0.02150253420692605,0.010992426214078966,0.05179616589373818,-0.2786056857417946,0.4869056307865135,0.06448016413358133,0.19369879801754145,-0.34795156146540157,-0.176675099355809,0.7685330120098065,-0.20425265067557075,-0.13109378164135269,0.6535704613769454,0.25483144705592103,-0.16144654017734367,0.48533658772879695,-0.36104844718787343,0.7911597266259462,-0.10835012850392231,-0.2955444056670754,0.501882899868046
BLND.L,0.7970605034449841,0.3963449987438686,0.8555347952647592,0.5769614193544562,0.8519437980733037,0.37142759113065443,0.6904612944746837,0.47774240797880746,0.13049753954712628,0.7704460888213801,0.7202622624829965,0.8187517978766903,0.6868383386184471,0.6524767056934587,1.0,0.34544662602438686,0.601884302869453,0.8026587645725435,-0.08431477004204649,0.2680891513314889,0.1385568282984351,-0.402661530033052,0.499723181036731,0.3912030810363053,0.6241375443026477,0.43405641122328004,0.4705513736987324,0.8019097632972105,0.7425467985375171,0.3381349689449698,0.3654281153071905,0.2727004333331671,-0.316040930405009,0.802742474450362,0.3820591192098277,0.3953087620397032,0.09962715649195722,0.5706940387295242,0.1465211972924316,0.28096374828797477,-0.282898994516182,0.4101031973516398,0.6640506313561713,0.5820875683591262,0.598982359974643,0.14672952839073436,0.5004390371449148,0.8493686975675039,0.8120254026623408,0.790598895676659,0.9317420318397296,0.7951738355932815,0.8445121825700544,0.39616517083910735,0.7531347073122209,0.29344547088698414,0.17246312818509618,0.7001237048176921,0.21899363097286045,0.3193809534961565,0.6283005275176496,-0.17053898762124176,0.5708373273581046,0.6490179763648553,0.7994723460121891,-0.08824614733890486,0.6819634832973415,0.6918689249233416,-0.5869170492285868,0.12645919231227812,0.8336873105503246,0.7573945075876213,-0.08064840749575251,0.6178708545267217,0.36056199591235366,0.4438179602815153,0.14268141943392007,0.2714748569116298,-0.3294170238108091,0.40995462105218,0.5323804462587842,0.5072200635359385,0.447234919360752,0.22842194075575986,0.7798047146533638,0.4517103391371985,0.34759172491878343,0.07247489440252988,0.3277430762750988,0.6431414164748829,0.2586642626613716,0.3924250721225953,0.7056184129727715,0.692473482778984,-0.5732249159659109,0.8486105292864973,0.1764389051399958,0.7338610804784944,-0.20175941516192583,-0.033794516622954934,0.3172306962882393
BNZL.L,0.259416673912381,-0.4198208216748946,0.2771494313744478,-0.19224494474300816,0.43966100236886746,-0.5784182116988464,-0.2471234077844283,0.26047697028480576,0.2810120087612784,0.12846457782138918,0.07739587840980093,-0.08918727963079598,0.1303299654137076,0.46668698908060813,0.34544662602438686,1.0,-0.030889734867874604,0.1639200096142973,0.5908927873897569,-0.5832768143185225,0.2250676772250044,0.5098206347272781,-0.05180210830066184,-0.20947525674977116,-0.30913598632259354,-0.22102707789216935,-0.4233069054724721,0.5429064581304204,-0.04137439066937081,-0.5502559370873366,0.5683439047456531,-0.3606193454751975,0.5927166573261897,0.5393251287663291,-0.010534850277013638,-0.15749816943787984,-0.7073147168938905,-0.3659831432876094,-0.5242671269475798,-0.43013025569861024,0.43088853453896,-0.50399390221182,-0.26684520282274293,0.8677893042492039,-0.3510516328079942,-0.3349229693144278,0.5007123042335256,0.5486615930306679,0.0386600502967938,0.041976790967019444,0.11229503812857317,-0.17286809676516818,-0.050296920271732146,-0.5816952072771506,0.44308899374053795,0.36063046106879765,0.5000544334867062,-0.08478168480562806,0.6724951698095707,0.4575798723894044,0.30252983394842325,-0.005197445366355478,-0.3725575868818269,-0.2077835630473265,-0.11200940305687222,-0.014519302469094377,-0.2740759607903807,0.4701313426834569,0.3037296979666072,-0.2453523173656702,0.561208195145372,-0.342848173411683,-0.6857856534319771,-0.15336295650800139,-0.5988011721835512,-0.026396003774793838,-0.6484715549657664,-0.6125246434165149,0.503013757390059,-0.5269131791528666,-0.37943249009153435,-0.43661252679650053,-0.14881436465735523,-0.42490734463318813,0.12902368574477888,-0.2803575163261528,0.28882806628509083,-0.6659688221996365,-0.5999081212813344,0.6739999005572644,-0.6140472912643231,-0.5315429027885117,0.24104544967893923,-0.2780929617827118,-0.023550501648034915,-0.04904610329904762,-0.6249313951003707,0.4778199504396633,0.4954935872803614,-0.7872931936666898,0.8568171507236111
BP.L,0.8428868588399955,0.6153947787685308,0.7365524412183202,0.5602373099838752,0.7279948927032392,0.7311609155394544,0.6789272497341585,0.5932773837080294,-0.07360116739690999,0.467926748770091,0.8995745247992291,0.8033578999783416,0.9061002023541648,0.13893233440774283,0.601884302869453,-0.030889734867874604,1.0,0.6785708771745746,-0.4670827774523916,0.6007443576550271,-0.1471890811756723,-0.7325711250851976,0.9047021773866178,0.7535149947986123,0.8631093088162568,0.8141718529545431,0.8370812063323406,0.5711178614668618,0.890381243098422,0.7787699303020162,-0.22730196047910076,0.4324810146114853,-0.5494319123496565,0.5798225547276892,0.862875253309918,0.7276506859064814,0.5275012204825701,0.8618672572064644,0.5669477601228065,0.6159821902739543,-0.6254325215397557,0.7705671050791931,0.8769091870386977,0.17193521002837073,0.838759677821701,0.36019646419122947,0.07746543651658147,0.41670823147539054,0.7938557707367372,0.5815103051384476,0.7289282865015466,0.7981763439635045,0.8070165979181309,0.7008217307308986,0.7046603334434666,-0.08704706816672579,-0.1194348998209643,0.7100681845895227,-0.24729459556853328,-0.023827199574706266,0.4265411073911941,-0.4323224320378863,0.8320563369731541,0.7991609764834581,0.8192615164993303,-0.06496846544291802,0.8045786711866036,0.18752474701956193,-0.626991029776614,0.5487496556572882,0.44144684027595676,0.9356730462145499,0.35674694372735105,0.9127273572294028,0.7218080772874459,0.4493736253604381,0.5910342231302004,0.6397515733809499,-0.6327790293138696,0.6945986476883312,0.8583732492474634,0.7914645217235393,0.5713620336322333,0.4554220854686976,0.5967474074192093,0.6182507216786128,0.053692255091131964,0.5758189408060492,0.7503621018534771,0.0840800428891808,0.5505892264138286,0.7094329491431945,0.3600237943184868,0.7636105914561478,-0.7799421748279003,0.7504895384209751,0.7016214224029917,0.2840438210102208,-0.386198859868005,0.22990174190716156,-0.009946847509765324
BRBY.L,0.7646551407893507,0.5188953765758482,0.8549698105396595,0.7637435447904731,0.7536319932928571,0.47540436418936766,0.7609623987841461,0.36909184679389856,0.21262047592633837,0.5450532417857021,0.663279668361291,0.7729947749572278,0.7543374116144863,0.4310885266952419,0.8026587645725435,0.1639200096142973,0.6785708771745746,1.0,-0.15525099020071242,0.47890651658992317,0.18587868158143683,-0.4734266477230138,0.6221907207168025,0.6940266039462123,0.7556540564647206,0.6535875044834947,0.6024987163094415,0.6498889097934298,0.6910087608939246,0.5278073928110021,0.2412601142094625,0.4554913211305602,-0.2575766789401248,0.6870055145934832,0.5798246203547115,0.6124139606461071,0.260026093099745,0.614245759164481,0.38378297784746196,0.42349740748596953,-0.20830755345005372,0.6027851153970686,0.7837856002085558,0.4007651610423026,0.6966414519714448,0.545402336316558,0.43082950395009945,0.6633538676974532,0.8371242401274211,0.8149537722900273,0.7843977320055937,0.8051386504956923,0.7616329626577272,0.5176501689591653,0.6327718384835962,0.3962833959024338,0.2363741468064793,0.6715782823732611,0.14729309088885265,0.3003185183354298,0.4959481933086968,-0.04385157574988174,0.6350358760111126,0.6239990909846211,0.8153605569084078,0.13290205924597723,0.7486224891297111,0.5986038792163966,-0.48568497662000404,0.158042211621201,0.6218909410158774,0.751940902945253,0.2552769662382807,0.7266025205673505,0.4620653751068298,0.6853385551646032,0.38602934326414107,0.47139422324590885,-0.3614388563231852,0.5877569540910184,0.6399064089178489,0.5272757142422936,0.6456398177195727,0.24738170338558998,0.7976956237381835,0.6570182139606252,0.29490542639369155,0.20178636282929152,0.47917340483351384,0.4417567372164489,0.42877284975710045,0.45150092003780434,0.5720073127124016,0.7119437314430576,-0.5805136568632795,0.7413549927496222,0.3934026782729246,0.5404703834842227,-0.28299331002455075,0.1355091822774962,0.10844336756420189
BT-A.L,-0.2628975270842021,-0.37082399445933695,-0.10850548731576194,-0.28161907353733273,-0.11818220882820465,-0.6231816934132807,-0.40642903073672637,-0.37378326801728506,0.547739013550951,-0.06692693064233209,-0.4736646923861673,-0.5518517846678533,-0.34813453916783926,0.0508903999299352,-0.08431477004204649,0.5908927873897569,-0.4670827774523916,-0.15525099020071242,1.0,-0.6188106926021518,0.12841446880828336,0.6572466379831978,-0.5502972000934279,-0.30651421446838234,-0.5399302060129048,-0.4500239436502989,-0.7138325413053992,-0.05481935653188424,-0.4617631705894916,-0.6557177069542192,0.48688620772165025,-0.3108856164717614,0.6363096506827246,0.2239174029107319,-0.428223544126113,-0.4572936770221307,-0.5053284528697025,-0.6529112550730525,-0.3136083716297571,-0.5476984222288566,0.6555092671231075,-0.6221115279197557,-0.5801682499361261,0.3770378611845253,-0.5697708055375867,-0.14585227993378336,0.5856661353071761,-0.014042135081587569,-0.2509671184870696,-0.08173976702989541,-0.2600094453027543,-0.5205439192695162,-0.40401310580310157,-0.686251235809886,-0.2043137092962969,0.4052161216809548,0.33495976048262815,-0.2118257006630651,0.49217939069645367,0.3888406537884943,-0.2833925521672009,0.3027626018470945,-0.6004097961041459,-0.4184162086385901,-0.4962370599490728,0.49939442118144173,-0.39532681721846363,0.1978637620260908,0.6911805573777626,-0.5013439058058612,0.0333769349950144,0.8789933648249091,-0.594776049669927,-0.5817624235107217,-0.6837829258884225,-0.3186769999850145,-0.558250365800657,-0.540206870129247,0.7635534667164378,-0.4606032418611386,-0.6766695218634141,-0.6969614959871846,-0.08882619530884213,-0.1384626914678202,-0.06580603636288994,-0.2440641117677426,0.22567821238100746,-0.7646489573480526,-0.6720491274598531,0.2061968766765268,-0.4625335662886436,-0.5112660749704225,-0.151732032536653,-0.4479598690670008,0.6316735711884072,-0.4214037618561558,-0.6329262330295564,0.03172263183055323,0.8108924874545975,-0.40833877993395906,0.45824237603825463
CCH.L,0.3803159771038196,0.7498226764344377,0.40841802987426506,0.6515789621208552,0.20553532991436185,0.7997379635733385,0.742182744456696,0.09684251953043002,-0.0863543156533435,0.2219067695640465,0.5237588513295809,0.6420180260736245,0.45140411940390107,-0.039677180042401415,0.2680891513314889,-0.5832768143185225,0.6007443576550271,0.47890651658992317,-0.6188106926021518,1.0,0.05152740877537372,-0.7229421078334943,0.607841273419166,0.6944696543729237,0.7820581056792998,0.6531902101712813,0.8372421137243717,0.12187980831834015,0.5714699055642254,0.8739649564596558,-0.2780740857443067,0.5785714533880199,-0.62744196623575,0.04240574549298321,0.5032114992686888,0.5091526549735601,0.6814164127476526,0.7599994742182928,0.6488095401204529,0.5975789755981066,-0.5141427204439858,0.84747106472574,0.7958179811951713,-0.3486966783583497,0.8075171300140886,0.5526343402523963,-0.17518546917277,0.06237290755861433,0.5722934550005675,0.39660187598149016,0.4806890452937789,0.7067284496539068,0.5832211037739706,0.8769458178466151,0.1511123942142714,-0.027529787288275712,-0.17138778399509258,0.5104279538460762,-0.3986333539616474,-0.2947668361820527,0.233478557821404,-0.18654080002595005,0.760481622920069,0.6041802072817843,0.6612540755015377,-0.03656775553606037,0.7208276670216548,0.08591131979282911,-0.608688139557605,0.44597717967464523,0.02225558998423883,-0.16861614918507792,0.7831915378026838,0.6922274392789535,0.840907983504639,0.512267210302791,0.8086995906166253,0.8129984125582428,-0.6516037657590942,0.7755155681560308,0.8142221339706641,0.7866458416855145,0.5201329939397898,0.47869748706862625,0.46125626037801465,0.6756126769071394,-0.16888272960148484,0.7630221756026878,0.8448107691368261,-0.16928666120353386,0.7566638532753978,0.7271985184019675,0.31334324429119964,0.7510784809500171,-0.42741306151318503,0.5869716604650792,0.8278753004706031,0.1095179609118274,-0.6427854210285145,0.6571439553864167,-0.5177942228899006
